
-2.248837   481308205
-2.248837   254612853
-2.248837   185481325
-2.248837   179310289
-2.248837   176047740
-2.248837   177166168
-2.248837   193297384
-2.248837   179013977
-2.248837   172225608
-2.248837   180623079

-2.264081   124391722
-2.264081   121134432
-2.264081   122134844
-2.264081   126193123
-2.264081   127508228
-2.264081   123659942
-2.264081   123650170
-2.264081   122912834
-2.264081   122425839
-2.264081   123144474

-2.248837   173660853
-2.248837   172141010
-2.248837   171361514
-2.248837   171466821
-2.248837   171055527
-2.248837   171150125
-2.248837   171364349
-2.248837   171422872
-2.248837   171239479
-2.248837   171390884

-2.264081   121106526
-2.264081   121142081
-2.264081   121195240
-2.264081   120798806
-2.264081   121006128
-2.264081   120246897
-2.264081   121081126
-2.264081   121335393
-2.264081   120266261
-2.264081   472417456

-2.005809   72223923
-2.005809   72888956
-2.005809   63305230
-2.005809   64334022
-2.005809   64669898
-2.005809   65281867
-2.005809   63564839
-2.005809   65991380
-2.005809   65486219
-2.005809   68940913

-1.337589   64720407
-1.337589   63042550
-1.337589   68421009
-1.337589   66186204
-1.337589   62698938
-1.337589   67975811
-1.337589   65888886
-1.337589   66286741
-1.337589   63937820
-1.337589   63025093

-1.803357   65978422
-1.803357   68552964
-1.803357   65481180
-1.803357   66015979
-1.803357   65172686
-1.803357   66014087
-1.803357   67015391
-1.803357   65540525
-1.803357   64689557
-1.803357   72326107

-2.056947   71330507
-2.056947   66275929
-2.056947   72965335
-2.056947   66557025
-2.056947   66293131
-2.056947   67636735
-2.056947   67649544
-2.056947   67655869
-2.056947   67252720
-2.056947   67928819

-1.803253   66270524
-1.803253   71300191
-1.803253   64028635
-1.803253   66742281
-1.803253   64883871
-1.803253   65182929
-1.803253   66433961
-1.803253   64760690
-1.803253   65304759
-1.803253   69417780

-2.289281   67720687
-2.289281   67918945
-2.289281   68026440
-2.289281   68646869
-2.289281   71746650
-2.289281   66833902
-2.289281   66925590
-2.289281   68154166
-2.289281   76415816
-2.289281   68115077

-2.514088   73912274
-2.514088   66850958
-2.514088   69274412
-2.514088   65974037
-2.514088   69360110
-2.514088   65049408
-2.514088   64557077
-2.514088   70840877
-2.514088   67459151
-2.514088   65078500

-2.033030   111213170
-2.033030   162206359
-2.033030   222111455
-2.033030   215002297
-2.033030   176844126
-2.033030   220011489
-2.033030   252135400
-2.033030   262087255
-2.033030   165765269
-2.033030   202329801
